0.528891 0.01351 0.002776 0.508382 -0.00731 -0.001131
0.579231 -0.000849946 0.001121 0.548763 -0.00878035 -0.002785
0.531803 0.0207347 -0.001714 0.530046 -0.00834641 -0.00269
0.508048 0.034942 -0.001644 0.516251 -0.00820285 -0.00262
0.521924 -0.00573232 0.003738 0.517238 -0.00811438 -0.004075
0.548897 0.00957846 -0.001176 0.517255 -0.00741385 -0.001176
0.491459 0.00651802 0.007141 0.517236 -0.00832611 -0.002625
0.561178 0.0144153 -0.004075 0.517232 -0.00843696 -0.004075
0.512175 -0.0111058 0.013005 0.516259 -0.00766772 -0.00262
0.540685 -0.00288691 -0.001176 0.517248 -0.00757436 -0.001176
0.52779 -0.000458674 0.003738 0.517244 -0.00811474 -0.004075
0.571222 0.00544532 0.004308 0.591142 -0.0084995 -0.00155
0.521529 0.0101613 0.005193 0.516254 -0.0080419 -0.00262
0.527202 -0.0180343 0.005187 0.517239 -0.008113 -0.002626
0.517242 0.0280448 0.004211 0.517241 -0.00795108 -0.002625
0.526033 -0.0161237 0.005691 0.517243 -0.0081151 -0.004075
0.507879 -0.00655961 -0.001176 0.517253 -0.00714509 -0.001175
0.551422 -0.024369 0.012028 0.516251 -0.0082561 -0.002621
0.507858 0.026559 -0.003098 0.517234 -0.00838297 -0.004074
0.537174 -0.00812103 0.006637 0.517248 -0.00757413 -0.001176
0.526032 0.00643147 -0.007981 0.517237 -0.00848988 -0.004075
0.517834 -0.0187238 0.005187 0.517246 -0.0076302 -0.002625
0.518621 -0.00757896 0.010548 0.516266 -0.00734439 -0.001171
0.517236 0.00711772 -0.000672 0.517236 -0.00827239 -0.002625
0.521928 0.0155838 0.002257 0.517241 -0.00795153 -0.002625
0.506109 -0.00333215 0.005188 0.51724 -0.00805912 -0.002625
0.535984 0.0162204 -0.000169 0.517236 -0.00811509 -0.004075
0.513349 -0.00490727 0.006642 0.516273 -0.00729034 -0.001171
0.526026 -0.00945498 0.003234 0.517238 -0.00816628 -0.002625
0.543022 -0.00333177 0.005187 0.517239 -0.00805848 -0.002625
0.527193 0.00470837 0.002762 0.517233 -0.00843591 -0.004075
0.526811 0.00133747 -0.001171 0.516263 -0.00745166 -0.001171
0.517242 0.00311357 0.005187 0.51724 -0.00805897 -0.002625
0.536005 -0.0175615 0.009094 0.517247 -0.0079518 -0.002625
0.52427 0.0262968 -0.001649 0.517239 -0.00805809 -0.002625
0.506694 0.00833719 0.003234 0.51724 -0.00795215 -0.002626
0.538426 0.00881083 -0.011539 0.516187 -0.011151 -0.019352
0.538556 0.00500407 -0.005506 0.516307 -0.0131978 -0.013318
0.540282 0.00454496 0.007139 0.517425 -0.00795535 -0.002626
0.513511 -0.0265743 -0.002621 0.516442 -0.00782558 -0.002621
0.525233 0.0185802 0.005191 0.516443 -0.00782497 -0.002622
0.533993 -0.00254166 -0.02011 0.516434 -0.0134017 -0.024016
0.514743 0.0250394 -0.000666 0.515916 -0.00792969 -0.002619
0.501226 -0.0140523 -0.047496 0.517055 -0.0220405 -0.048473
0.543513 0.0293097 0.007695 0.516555 -0.00742905 -0.001094
0.517132 0.00208724 0.007569 0.516541 -0.00822558 -0.00415
0.516566 0.00207215 -0.010434 0.516555 -0.00726312 -0.002621
0.525843 -0.0189864 0.009092 0.517632 -0.0076192 -0.002627
0.534712 0.0126799 -0.002622 0.516548 -0.00782838 -0.002622
0.530026 -0.00427299 0.005191 0.516548 -0.00782725 -0.002622
0.514206 -0.00857194 0.001284 0.516549 -0.00771306 -0.002621
0.534127 0.00330188 0.003238 0.516549 -0.00771433 -0.002622
0.517638 -0.0015922 0.00476 0.517636 -0.00733382 -0.001099
0.504819 0.0149388 -0.000243 0.51654 -0.00822483 -0.00415
0.547039 -0.00568 0.010625 0.516558 -0.00720377 -0.001094
0.51478 0.00684088 -0.00415 0.516538 -0.00839395 -0.004149
0.536281 0.0149604 0.00128 0.517532 -0.00761747 -0.002627
0.533056 -0.0041607 0.00519 0.516647 -0.00771549 -0.002622
0.525923 0.0179537 -0.002622 0.516547 -0.00782779 -0.002622
0.53647 -0.00614324 0.005191 0.516546 -0.00793934 -0.002622
0.623574 0.0107391 0.000908 0.590762 -0.00890964 -0.002998
0.502645 0.00926612 -0.01332 0.516707 -0.00948388 -0.01332
0.530019 -0.00383754 -0.063749 0.515371 -0.0284474 -0.063749
0.508329 0.00499011 0.005191 0.51653 -0.00793967 -0.002621
0.515948 0.000731666 0.003238 0.516534 -0.00793956 -0.002622
0.54466 0.00850607 0.005191 0.516532 -0.00794004 -0.002621
0.537038 0.00797809 0.002261 0.516531 -0.00793987 -0.002622
0.523364 -0.00498759 0.005186 0.517502 -0.00795561 -0.002627
0.563406 0.0266311 -0.002622 0.516531 -0.00794036 -0.002621
0.517119 0.00746654 -0.001093 0.516532 -0.00776686 -0.001094
0.522968 -0.0153549 0.007569 0.516518 -0.00867586 -0.004149
0.607967 0.0113618 0.004816 0.590387 -0.00918506 -0.002997
0.51653 0.00760703 0.001285 0.516531 -0.00794075 -0.002622
0.590385 0.0259704 -0.002997 0.590385 -0.00918539 -0.002996
0.528837 0.00600487 0.003238 0.516532 -0.00793901 -0.002622
0.536255 0.0260679 0.005186 0.517504 -0.00795646 -0.002626
0.529421 -0.00501023 -0.002622 0.51653 -0.00793906 -0.002622
0.514781 -0.00407266 0.009097 0.516532 -0.00793979 -0.002621
0.5511 -0.000321857 -0.002621 0.51653 -0.00794082 -0.002622
0.522389 0.00760702 0.001284 0.516529 -0.00793933 -0.002622
0.519469 0.0229117 0.00379 0.516539 -0.00765435 -0.001093
0.516519 -0.000433222 0.003662 0.516517 -0.00867535 -0.00415
0.535867 -0.00745728 0.001285 0.516533 -0.00776978 -0.002622
0.537428 0.0146374 0.000855 0.517507 -0.00778413 -0.001098
0.52003 -0.00261631 -0.000244 0.516516 -0.00878804 -0.00415
0.525321 -0.00129884 0.007144 0.516528 -0.00794027 -0.002621
0.522974 -0.00983025 0.003663 0.51653 -0.00811185 -0.00415
0.505817 0.00312443 -0.013322 0.516949 -0.0115233 -0.013322
0.499581 0.0213566 -0.002621 0.516572 -0.00794033 -0.002622
0.530919 -0.00113587 -0.046941 0.516271 -0.0210576 -0.04694
0.521912 0.00815372 0.005193 0.51605 -0.00770591 -0.002619
0.542426 0.0100515 0.001281 0.517231 -0.00783882 -0.002626
0.516265 0.0173733 -0.00262 0.516266 -0.00782267 -0.00262
0.514924 -0.0381637 0.016906 0.517237 -0.0074997 -0.002625
0.553194 0.00909469 -0.001092 0.516281 -0.00731164 -0.001092
0.524467 -0.00753622 0.005192 0.516261 -0.00816083 -0.00262
0.530706 0.00556484 0.005188 0.517227 -0.00795181 -0.002626
0.530101 0.0170204 0.000735 0.516041 -0.00827241 -0.004147
0.518404 -0.00165635 0.002258 0.517231 -0.00761268 -0.002625
0.523299 0.0129977 0.001286 0.51627 -0.00782239 -0.00262
0.52974 0.0283929 -0.002621 0.516264 -0.0079357 -0.002621
0.501423 -0.0215064 0.011047 0.51723 -0.00795099 -0.002625
0.514293 0.00395933 -0.001091 0.516051 -0.00775991 -0.001091
0.524251 0.0164604 -0.000247 0.517221 -0.00846192 -0.004153
0.521535 -0.016106 0.002136 0.516266 -0.00794142 -0.005677
0.50579 -0.0174493 -0.024395 0.515805 -0.0202032 -0.033184
0.507069 0.0131365 -0.002627 0.517617 -0.00795773 -0.002627
0.515844 -0.0115904 0.01398 0.516409 -0.0079381 -0.002621
0.517838 0.00926526 -0.003599 0.516665 -0.00794204 -0.002622
0.51956 0.0155542 0.005197 0.515457 -0.00792192 -0.002616
0.514321 -0.0037427 0.00226 0.516665 -0.00794193 -0.002623
0.517363 -0.00726993 0.002257 0.517362 -0.00795391 -0.002626
0.520416 -0.0111483 0.012031 0.515714 -0.00792542 -0.002617
0.521681 -0.00836738 -0.000668 0.516408 -0.00793799 -0.002621
0.519009 0.00643293 0.001284 0.516665 -0.00794212 -0.002622
0.515822 0.0328046 0.001286 0.516409 -0.00793749 -0.002621
0.527794 0.00760497 0.001284 0.516662 -0.00794197 -0.002623
0.529301 0.0167101 0.005191 0.516409 -0.00793817 -0.002621
0.514969 -0.0211295 -0.007039 0.517331 -0.0123797 -0.014851
0.502243 -0.0108073 -0.005551 0.516303 -0.00793629 -0.002621
0.525791 -0.00232216 0.009095 0.516993 -0.0079479 -0.002624
0.506927 0.00804011 -0.000667 0.516303 -0.00793563 -0.00262
0.550064 0.00407945 0.001281 0.517252 -0.0079517 -0.002626
0.526008 0.00558414 0.005193 0.516043 -0.007932 -0.002619
0.53483 -0.00150648 -0.002625 0.517252 -0.00795137 -0.002625
0.513596 0.0152447 0.001291 0.515354 -0.00792045 -0.002616
0.535749 -0.00966711 0.005188 0.516998 -0.00794749 -0.002624
0.49052 0.00468145 0.001286 0.516302 -0.00793549 -0.00262
0.530367 -0.00438107 0.005192 0.516302 -0.00793645 -0.002621
0.516987 0.0285211 -0.000246 0.51699 -0.0081181 -0.004152
0.548532 -0.0151731 -0.040827 0.516304 -0.0181031 -0.040827
0.515597 -0.0248521 -0.066634 0.515134 -0.0319263 -0.074446
0.532505 0.00336692 -0.075976 0.515512 -0.0323756 -0.075976
0.52376 -0.016813 -0.064304 0.516157 -0.0306612 -0.065281
0.529341 0.00252762 -0.031489 0.516511 -0.0203646 -0.039301
0.528485 -0.0154815 -0.021889 0.515652 -0.0191935 -0.031655
0.523408 -0.00977291 0.000303 0.51755 -0.00795654 -0.002627
0.53845 0.00218318 -0.000667 0.516184 -0.00793342 -0.002619
0.513835 -0.00965235 0.005193 0.516177 -0.00793415 -0.00262
0.535749 -0.00803553 -0.009162 0.516996 -0.00846458 -0.007209
0.515586 -0.0217247 -0.033988 0.515643 -0.0202222 -0.040824
0.540171 -0.0144424 -0.051529 0.516733 -0.0244034 -0.051529
0.512589 0.0995449 -0.044689 0.516176 -0.0243444 -0.051525
0.513866 -0.0199869 -0.036791 0.515632 -0.0197721 -0.037768
0.541266 -0.029573 -0.014932 0.516723 -0.0171902 -0.028603
0.599207 -0.0244352 -0.028125 0.589858 -0.0200614 -0.032032
0.519914 0.00535234 -0.02707 0.515813 -0.0157413 -0.02707
0.526492 -0.0268826 -0.019265 0.517156 -0.0157893 -0.027077
0.548133 -0.019739 -0.092108 0.515244 -0.0323145 -0.088202
0.514048 -0.0368255 -0.108745 0.514143 -0.0447588 -0.112651
0.521633 -0.0407998 -0.115583 0.514528 -0.0443711 -0.112654
0.529364 -0.0271806 -0.104288 0.514292 -0.0432628 -0.111123
0.530522 -0.0645915 -0.12641 0.5147 -0.0487719 -0.126411
0.538147 -0.0247191 -0.137108 0.514124 -0.0528436 -0.137107
0.526322 -0.0373019 -0.096946 0.514645 -0.0444918 -0.0989
0.529318 0.0145594 -0.034544 0.516493 -0.0153636 -0.042356
0.500234 -0.0343098 -0.083615 0.514884 -0.0366534 -0.083615
0.509822 -0.0314449 -0.048126 0.515873 -0.0280131 -0.063751
0.597562 -0.00194976 -0.021337 0.59053 -0.0201135 -0.021337
0.533022 0.00644944 0.001712 0.516032 -0.00866804 -0.004148
0.511142 0.0199203 0.000857 0.517002 -0.00777504 -0.001096
0.530457 0.0109641 -0.000246 0.516982 -0.00868328 -0.004152
0.515786 -0.00409874 0.001289 0.515787 -0.00792732 -0.002618
0.518773 -0.0130007 -0.007888 0.517023 -0.0121411 -0.011793
0.517695 0.0295513 -0.002625 0.517109 -0.00794879 -0.002625
0.527564 0.0190152 -0.002621 0.516431 -0.00793801 -0.002621
0.53375 -0.0156287 0.011052 0.516159 -0.007934 -0.00262
0.520851 0.0207469 -0.013323 0.517335 -0.00972169 -0.013323
0.520743 -0.00513427 -0.054581 0.516054 -0.0238838 -0.054582
0.525691 -0.000267774 -0.000497 0.516328 -0.0121817 -0.010262
0.520268 0.0140492 0.001284 0.516754 -0.00794321 -0.002622
0.519093 -0.0237247 0.00519 0.516747 -0.00794322 -0.002623
0.526129 0.0086582 0.007142 0.516749 -0.00794346 -0.002623
0.542783 0.00387816 0.002262 0.516415 -0.007938 -0.002621
0.520849 0.0163926 0.001284 0.516748 -0.00794313 -0.002623
0.52142 -0.00228858 -0.020708 0.516709 -0.00943713 -0.014848
0.530832 -0.0484464 -0.064256 0.515193 -0.0323979 -0.075974
0.540802 -0.020845 -0.074445 0.515021 -0.0319786 -0.074446
0.518467 -0.016504 -0.049828 0.516216 -0.030021 -0.05764
0.506682 -0.00794147 -0.002622 0.516643 -0.00794247 -0.002622
0.530714 0.0105746 0.009097 0.516642 -0.0079412 -0.002622
0.59426 0.00652113 0.002864 0.590159 -0.00918177 -0.002996
0.538255 0.00365084 0.003234 0.517161 -0.00795055 -0.002624
0.526011 0.00190226 0.003237 0.516635 -0.00794123 -0.002623
0.531289 -0.0149333 0.005191 0.516638 -0.00794105 -0.002622
0.517797 0.00662847 -0.054748 0.515365 -0.0185249 -0.046935
0.517185 -0.0252562 -0.066633 0.514963 -0.0317454 -0.074445
0.512841 0.000326101 -0.075974 0.515185 -0.0324864 -0.075975
0.541619 -0.0281665 -0.068166 0.515962 -0.0323117 -0.075978
0.515399 -0.00413753 -0.072494 0.51543 -0.0318349 -0.074448
0.508469 -0.0226035 -0.07598 0.516086 -0.0325624 -0.075979
0.560956 -0.0244038 -0.079234 0.588638 -0.0402701 -0.087047
0.526206 -0.021208 -0.074445 0.515073 -0.0317543 -0.0744453
0.54038 -0.0300655 0.00451 0.516947 -0.0104953 -0.007208
0.522265 0.115412 0.001282 0.516992 -0.00794718 -0.002624
0.505135 -0.0315776 -0.001641 0.515682 -0.00792653 -0.002618
0.524605 0.0156459 -0.000671 0.516988 -0.0079466 -0.002624
0.536623 0.000348761 0.013006 0.516097 -0.00793234 -0.002619
0.516577 -0.000596286 0.001284 0.516579 -0.00794093 -0.002622
0.527821 0.0210908 0.001287 0.516103 -0.0079321 -0.002619
0.539846 0.136076 0.003236 0.516993 -0.00794824 -0.002624
0.521849 -0.0214172 -0.002622 0.516577 -0.00794062 -0.002622
0.50639 -0.00218567 -0.013151 0.516966 -0.0115997 -0.020963
0.527455 -0.0325512 -0.057636 0.515736 -0.0255206 -0.057637
0.515669 -0.0234041 -0.021338 0.515718 -0.0208847 -0.030127
0.532191 -0.00329527 0.006717 0.516952 -0.00743537 -0.001095
0.520091 0.0182513 -0.011792 0.516576 -0.00987405 -0.011792
0.507298 0.0307815 -0.027075 0.516672 -0.0166796 -0.027075
0.556503 0.0031347 0.013003 0.516641 -0.00749049 -0.002622
0.513713 -0.0459331 -0.001094 0.516644 -0.00726086 -0.001094
0.523067 0.00320443 0.004639 0.51662 -0.00833908 -0.00415
0.515173 -0.00150272 0.002814 0.516344 -0.00708796 -0.001092
0.550019 0.00389236 0.003662 0.516622 -0.00845214 -0.004151
0.586703 0.00145139 0.001884 0.590805 -0.00919207 -0.002998
0.530699 0.033699 0.005191 0.516634 -0.00794199 -0.002622
0.528836 -0.00906429 -0.025543 0.515945 -0.0143383 -0.025543
0.516119 0.0170774 0.006167 0.516702 -0.00794208 -0.002623
0.536307 -0.00384562 -0.002624 0.516971 -0.00794735 -0.002623
0.523418 0.00695522 0.004212 0.516971 -0.0079467 -0.002624
0.523646 -0.0061342 0.005193 0.516028 -0.00793166 -0.002619
0.538065 -0.012108 0.000306 0.516971 -0.00794701 -0.002624
0.504667 0.00498295 0.005189 0.51697 -0.00794812 -0.002624
0.53748 0.0106853 0.003235 0.516972 -0.00794669 -0.002624
0.530178 0.0201831 -0.002622 0.516701 -0.00794299 -0.002622
0.510171 0.0157009 0.007146 0.516025 -0.00793079 -0.002619
0.535724 -0.00907939 0.005189 0.516972 -0.00794781 -0.002624
0.516386 -0.00150153 -0.002624 0.516972 -0.00794713 -0.002624
0.531624 0.00572491 0.007142 0.51697 -0.00794704 -0.002624
0.532432 -0.00410369 0.001287 0.516026 -0.00793109 -0.002619
0.517556 0.000784051 0.000306 0.516971 -0.00794759 -0.002624
0.537217 -0.00583363 0.009096 0.516701 -0.0079421 -0.002622
0.521659 0.0131467 -0.002624 0.516972 -0.00794727 -0.002624
0.539418 -0.0107254 -0.053051 0.515981 -0.0183432 -0.053052
0.523191 -0.0285358 -0.050506 0.515718 -0.0370943 -0.062224
0.540078 0.00522794 -0.000666 0.516057 -0.0078189 -0.002619
0.520539 0.0102557 0.005188 0.517021 -0.00794769 -0.002625
0.523508 0.00117268 0.001288 0.515891 -0.00792899 -0.002618
0.526986 0.00259906 -0.002624 0.517026 -0.00794835 -0.002624
0.506683 0.00499741 0.005194 0.516055 -0.00793166 -0.002619
0.529169 0.00861241 0.005189 0.516863 -0.00783315 -0.002624
0.506101 0.00589657 -0.000115 0.516061 -0.00736472 -0.001091
0.543809 0.0240354 0.003661 0.516856 -0.00823062 -0.004151
0.516645 0.00109072 0.001287 0.51606 -0.00742528 -0.002619
0.521135 -0.00403865 0.004764 0.517031 -0.00743713 -0.001096
0.53715 0.00430119 0.011477 0.516042 -0.00866743 -0.004148
0.520969 -0.00350191 -0.001095 0.516868 -0.0076027 -0.001095
0.517806 -0.0117866 0.009525 0.51604 -0.00878001 -0.004147
0.604523 0.0171696 -0.003 0.591046 -0.00919684 -0.003
0.524685 0.0121446 0.005194 0.515893 -0.00781692 -0.002618
0.581689 -0.0101781 0.012625 0.591048 -0.00908411 -0.003
0.52896 0.0117149 -0.004997 0.516066 -0.00730877 -0.001091
0.530923 -0.00977626 0.005189 0.516858 -0.00805819 -0.002623
0.520738 0.0176808 -0.002619 0.516051 -0.00809997 -0.00262
0.520547 -0.0233895 0.011473 0.517018 -0.00823362 -0.004152
0.5354 0.0219859 -0.002619 0.516064 -0.00731119 -0.002619
0.51921 0.013999 0.005189 0.516864 -0.00771927 -0.002623
0.539495 -0.000276323 0.005193 0.516056 -0.00793148 -0.00262
0.519952 0.00935668 0.001282 0.517023 -0.00794768 -0.002624
0.530118 -0.0014467 0.005193 0.516053 -0.00793171 -0.002619
0.519205 -0.00677341 -0.002623 0.516862 -0.00794524 -0.002623
0.503388 -0.0198913 -0.072242 0.516218 -0.021335 -0.068336
0.531918 -0.0118447 -0.043539 0.515102 -0.0353651 -0.059164
0.51533 0.00591804 -0.001642 0.515916 -0.00792877 -0.002619
0.527591 0.00309913 0.001288 0.515872 -0.0077599 -0.002618
0.535654 0.00839717 0.006165 0.516901 -0.00783402 -0.002624
0.558057 -0.144296 -0.000665 0.515871 -0.00792884 -0.002618
0.54973 -0.0154846 0.013002 0.5169 -0.00794582 -0.002623
0.512163 0.231117 -0.002624 0.516849 -0.00794588 -0.002624
0.524708 0.000312826 0.005194 0.515917 -0.00792831 -0.002618
0.547909 0.0176218 -0.001646 0.516854 -0.0079458 -0.002623
0.493464 -0.00497759 0.005189 0.5169 -0.00794611 -0.002624
0.534034 0.00703238 0.001288 0.51587 -0.00792846 -0.002618
0.528622 0.00980369 -0.001096 0.516904 -0.00777397 -0.001095
0.526815 -0.020908 0.011474 0.516842 -0.00868198 -0.004152
0.518077 0.000636784 0.002259 0.516905 -0.00766381 -0.002623
0.543415 -0.000446533 -0.002618 0.515875 -0.00747861 -0.002619
0.525111 -0.0182811 0.006717 0.516904 -0.00777377 -0.001095
0.532274 -0.012473 0.010502 0.515858 -0.00866321 -0.004146
0.513384 -0.0219691 0.005189 0.516897 -0.0079468 -0.002624
0.542051 0.00381317 0.005189 0.516853 -0.00794455 -0.002623
0.530374 0.0195936 -0.002623 0.516898 -0.00794609 -0.002624
0.522362 0.0159184 0.006171 0.515913 -0.00792953 -0.002618
0.530755 -0.00850398 -0.027924 0.51667 -0.0117063 -0.024018
0.509896 -0.0223347 -0.01383 0.516978 -0.0191703 -0.025549
0.534246 0.00519279 0.00421 0.517253 -0.00795104 -0.002625
0.513929 0.00200638 0.008122 0.516266 -0.00793535 -0.00262
0.519597 0.00318116 -0.002625 0.517254 -0.007952 -0.002625
0.544213 -0.0058428 0.009093 0.517252 -0.00795159 -0.002626
0.53542 0.0114232 0.005188 0.517253 -0.00795214 -0.002625
0.534832 0.000993587 -0.000673 0.517255 -0.00795172 -0.002625
0.513926 0.00425273 0.00324 0.516268 -0.007935 -0.002621
0.515492 0.0102506 0.005187 0.517248 -0.00795152 -0.002625
0.52956 -0.00967001 0.005187 0.517253 -0.00795165 -0.002625
0.530144 0.0172822 0.005187 0.517252 -0.00795291 -0.002625
0.51275 -0.00793501 -0.00262 0.516265 -0.00793498 -0.002621
0.524782 0.00140036 0.008586 0.517181 -0.0110219 -0.014851
0.528982 0.0047235 -0.001649 0.517263 -0.00795139 -0.002625
0.521947 0.00321996 0.005188 0.517258 -0.00795245 -0.002626
0.530746 -0.000295675 0.005187 0.517267 -0.00795172 -0.002625
0.519211 0.00909564 0.005192 0.516279 -0.00793536 -0.00262
0.60756 0.00779347 -0.003 0.591154 -0.00919991 -0.003001
0.529004 -0.0102183 0.012999 0.517267 -0.00795083 -0.002625
0.517849 0.0190009 -0.002625 0.517264 -0.00795218 -0.002625
0.5321 0.0149159 -0.00262 0.516279 -0.00793548 -0.002621
0.537207 -0.0207647 0.012999 0.517266 -0.00795219 -0.002625
0.599942 0.00875102 -0.002024 0.591154 -0.00919904 -0.003
0.534947 -0.0140747 -0.001174 0.516221 -0.012239 -0.014847
0.587315 -0.017493 -0.01675 0.590245 -0.0145629 -0.01675
0.533957 -0.0113362 -0.003135 0.517574 -0.012274 -0.014853
0.529328 0.0142837 -0.007032 0.515869 -0.012123 -0.014844
0.527203 0.00800596 -0.003132 0.517266 -0.0122676 -0.014852
0.536041 0.000158113 -0.014849 0.516704 -0.012147 -0.014849
0.506798 0.00100073 0.000779 0.516198 -0.0119663 -0.014846
0.52213 0.015935 -0.016803 0.51685 -0.0120339 -0.014849
0.529958 -0.00372788 -0.007035 0.5165 -0.0119704 -0.014848
0.513274 -0.0142085 -0.007033 0.516223 -0.0119046 -0.014846
0.5971 0.000563517 -0.0148 0.590662 -0.014241 -0.016752
0.512047 -0.0138366 -0.006056 0.516167 -0.0119032 -0.014846
0.534431 -0.00264403 -0.008988 0.516282 -0.0119012 -0.014847
0.529986 -0.0054365 -0.007038 0.517114 -0.0119205 -0.01485
0.559159 -0.0190087 -0.007034 0.516405 -0.0120186 -0.014847
0.495695 -0.0142037 -0.014849 0.516788 -0.0118598 -0.014849
0.516817 -0.0095809 -0.00899 0.516833 -0.0118069 -0.01485
0.517965 0.0207668 -0.002623 0.516793 -0.00794337 -0.002623
0.521709 0.00855609 0.013007 0.515831 -0.0079287 -0.002618
0.507421 0.0143212 -0.002623 0.516796 -0.00794434 -0.002623
0.513775 -0.0220156 -0.048466 0.515533 -0.0208432 -0.048465
0.54025 -0.0168584 -0.057893 0.516304 -0.0284629 -0.063753
0.534847 -0.00440075 -0.062773 0.515525 -0.0282094 -0.063749
0.534503 0.0152623 -0.06375 0.515752 -0.0280969 -0.06375
0.486778 0.209486 -0.012471 0.516674 -0.015241 -0.016377
0.480508 -0.013804 -0.002623 0.516835 -0.00794505 -0.002624
0.531647 -0.0135046 0.012027 0.516398 -0.00793729 -0.002621
0.523187 -0.0123242 -0.02249 0.516741 -0.0123244 -0.02249
0.546812 -0.00046669 -0.031487 0.516404 -0.0204288 -0.0393
0.531031 -0.00588312 -0.061794 0.515237 -0.0253767 -0.063747
0.520627 -0.0444394 -0.10043 0.515352 -0.0403376 -0.10043
0.540641 -0.0330041 -0.098899 0.514861 -0.0400344 -0.098899
0.554921 -0.0363778 -0.100429 0.515078 -0.0404787 -0.100428
0.521547 -0.0643098 -0.087179 0.514755 -0.0400652 -0.098899
0.53016 -0.0107628 -0.108237 0.51416 -0.0405963 -0.100424
0.522892 -0.00593169 -0.096524 0.515358 -0.0402333 -0.10043
0.509481 -0.033176 -0.087178 0.514408 -0.039984 -0.098897
0.536559 -0.000272517 -0.011795 0.517223 -0.0131634 -0.011795
0.580002 0.114142 -0.014795 0.589969 -0.0143345 -0.016749
0.524546 -0.0119053 -0.014847 0.516344 -0.0119047 -0.014847
0.527307 -0.0119302 -0.014852 0.517346 -0.0119298 -0.014851
0.585161 -0.0241595 -0.004053 0.589877 -0.014336 -0.016749
0.529837 -0.0233506 -0.05458 0.515775 -0.0233498 -0.05458
0.547425 -0.0223054 -0.059848 0.516423 -0.0284793 -0.063753
0.603505 -0.0259313 -0.063951 0.588974 -0.0347637 -0.071765
0.515797 0.0105314 -0.027074 0.516382 -0.019937 -0.027074
0.554553 0.000909585 0.012997 0.517621 -0.00795711 -0.002627
0.533199 -0.0436667 -0.002617 0.51562 -0.00792506 -0.002617
0.538316 0.014636 0.001285 0.516637 -0.0079411 -0.002622
0.526011 -0.000167251 -0.000669 0.516638 -0.00794207 -0.002622
0.519533 0.0130928 0.000307 0.516604 -0.00794104 -0.002622
0.530117 0.00711827 0.006167 0.516636 -0.00794117 -0.002622
0.530703 -0.00555899 0.00519 0.516638 -0.00794249 -0.002623
0.51938 -0.00151255 -0.002627 0.517622 -0.00795774 -0.002627
0.51719 0.0395205 -0.002622 0.516604 -0.00794028 -0.002622
0.526012 0.0117068 0.001284 0.516637 -0.00794162 -0.002622
0.542245 -0.00615846 -0.048467 0.515878 -0.0225653 -0.048467
0.547125 0.0122237 0.004084 0.517243 -0.00965159 -0.005682
0.518445 0.0177699 0.000304 0.517274 -0.00795149 -0.002625
0.519616 -0.00236618 0.001281 0.517273 -0.00795232 -0.002626
0.543248 0.0122986 0.001286 0.516295 -0.00793657 -0.00262
0.514928 -0.00849904 0.005187 0.51727 -0.00795119 -0.002625
0.531344 0.0173675 0.002809 0.517281 -0.00755465 -0.001098
0.527802 -0.00262921 -0.000247 0.517256 -0.00880217 -0.004153
0.519033 0.00259068 0.003234 0.517275 -0.00783928 -0.002626
0.537381 0.015814 0.001286 0.516288 -0.00793494 -0.00262
0.519029 0.00493867 -0.002626 0.51727 -0.00795207 -0.002625
0.536023 0.00993818 0.001281 0.517274 -0.0079526 -0.002626
0.536028 -0.0187333 0.009094 0.517271 -0.00795177 -0.002625
0.523322 -0.0119978 0.005192 0.516288 -0.00793612 -0.00262
0.544811 0.0173987 -0.000673 0.517274 -0.00795224 -0.002626
0.515513 0.00611089 -0.002625 0.51727 -0.00795242 -0.002625
0.524893 0.0252862 0.001281 0.517276 -0.00783859 -0.002626
0.528997 0.00410495 -0.002625 0.517277 -0.00761395 -0.002625
0.522149 0.0045764 0.005192 0.516288 -0.0077672 -0.00262
0.516102 0.0175553 0.001281 0.517274 -0.00795163 -0.002626
0.523132 0.0138841 -0.000673 0.517274 -0.00795224 -0.002625
0.545399 0.00780902 0.000305 0.517274 -0.00795264 -0.002626
0.528599 0.0205013 0.001285 0.516295 -0.00793541 -0.00262
0.514929 -0.00443634 -0.002625 0.517274 -0.00795176 -0.002625
0.536612 -0.00498274 0.005187 0.517273 -0.00795289 -0.002626
0.607566 -0.000683583 0.000906 0.591161 -0.00919868 -0.003
0.517282 -0.0102565 0.005187 0.517279 -0.00795159 -0.002626
0.52625 -0.000904834 -0.00262 0.516289 -0.00793655 -0.00262
0.525481 0.00236014 0.009093 0.51727 -0.00795187 -0.002625
0.530751 0.000622721 -0.001649 0.517275 -0.00795171 -0.002626
0.526648 -0.00795232 -0.002625 0.517272 -0.00795237 -0.002625
0.517373 0.0176101 -0.025544 0.516202 -0.0134445 -0.025544
0.528882 -0.00954162 -0.008691 0.51661 -0.0147957 -0.019433
0.522757 0.0106434 0.001283 0.516899 -0.00783284 -0.002624
0.541764 -0.0116839 -0.0286 0.515982 -0.0134409 -0.028599
0.526545 0.0130162 -0.026906 0.517223 -0.0192508 -0.034719
0.522364 -0.0178074 -0.034713 0.515919 -0.0178075 -0.034713
0.529344 -0.0228687 -0.031488 0.516514 -0.0199791 -0.0393
0.535222 -0.026357 -0.031485 0.515947 -0.0199521 -0.039298
0.534606 -0.0139696 -0.037769 0.515856 -0.0198294 -0.037769
0.500596 -0.034325 -0.002627 0.517588 -0.0079575 -0.002627
0.548616 0.00440673 0.005192 0.516388 -0.00793754 -0.002621
0.510766 0.00729227 -0.002622 0.516625 -0.0079407 -0.002622
0.517214 -0.00559702 -0.002622 0.516629 -0.00794073 -0.002622
0.53552 -0.00201629 0.012999 0.517338 -0.00795369 -0.002625
0.51898 -0.00618376 -0.002622 0.516636 -0.00794122 -0.002623
0.505847 -0.0198907 0.009098 0.516386 -0.00793752 -0.00262
0.54534 0.0049493 -0.002622 0.516629 -0.00794145 -0.002623
0.592466 -0.0109104 0.004814 0.590706 -0.00919137 -0.002998
0.557994 -0.00203903 0.005192 0.51639 -0.00793683 -0.002621
0.516722 -0.0288782 0.028627 0.516633 -0.00794165 -0.002622
0.521108 0.00487518 -0.018245 0.516385 -0.0079368 -0.002621
0.534819 0.00209741 0.013002 0.516636 -0.00794165 -0.002622
0.512067 -0.0337343 -0.002625 0.51734 -0.00795268 -0.002625
0.535011 0.0102383 -0.002618 0.515676 -0.00792583 -0.002618
0.520495 0.0196413 0.005192 0.516391 -0.00793781 -0.002621
0.521317 0.00174551 0.001284 0.51663 -0.00794106 -0.002622
0.534332 -0.00758178 -0.001649 0.517341 -0.00795342 -0.002626
0.524852 -0.0184107 0.013003 0.516631 -0.00794046 -0.002622
0.603808 -0.0126899 -0.002993 0.589745 -0.00917457 -0.002993
0.591871 -0.0109101 0.004814 0.590697 -0.0091917 -0.002998
0.532211 -0.0231326 0.005192 0.516388 -0.00793703 -0.002621
0.520513 0.0219253 -0.002627 0.517583 -0.00795712 -0.002627
0.53538 0.0101053 0.003237 0.51663 -0.00794091 -0.002622
0.516403 -0.0377419 0.013004 0.516386 -0.00793734 -0.002621
0.518975 -0.0143479 0.00519 0.516628 -0.00794163 -0.002622
0.53396 -0.00309355 -0.000667 0.516383 -0.00793755 -0.002621
0.508794 0.0306563 0.000302 0.517584 -0.0079571 -0.002627
0.501739 0.0130397 0.003239 0.516387 -0.00793686 -0.002621
0.523659 0.0202807 0.002261 0.516627 -0.00794159 -0.002622
0.521073 -0.0266871 -0.002621 0.516386 -0.00793705 -0.002621
0.595391 0.0175854 0.005791 0.590701 -0.00919063 -0.002998
0.534796 0.0184654 0.00519 0.51663 -0.00794092 -0.002622
0.545095 0.00649598 -0.001644 0.516385 -0.00793778 -0.002621
0.514069 0.00200358 -0.002627 0.517584 -0.00795695 -0.002627
0.537484 0.00526544 0.001285 0.516391 -0.00793714 -0.002621
0.543586 -0.00321502 0.005191 0.516631 -0.00794078 -0.002622
0.524594 0.00499238 0.005191 0.516388 -0.00793701 -0.002621
0.527546 0.00141778 -0.002627 0.517585 -0.00795716 -0.002626
0.529278 -0.00891381 0.007145 0.516382 -0.00793809 -0.002621
0.534209 0.00143323 -0.002622 0.516632 -0.00794162 -0.002622
0.53045 0.0167116 0.005191 0.516385 -0.00793747 -0.002621
0.532452 0.000301056 0.005191 0.51663 -0.0079417 -0.002622
0.524833 0.00834739 0.003237 0.51663 -0.00794139 -0.002623
0.524942 -0.0321925 -0.008739 0.517325 -0.00875519 -0.008738
0.525492 -0.0373858 -0.074447 0.515532 -0.0315262 -0.074448
0.51717 -0.00539094 -0.024949 0.516061 -0.0231648 -0.034714
0.529846 0.00771798 -0.004577 0.516954 -0.00794743 -0.002624
0.520131 0.0246077 0.001288 0.516031 -0.00793057 -0.002619
0.541804 -0.0106756 0.007143 0.516604 -0.0079409 -0.002622
0.504647 0.00846001 -0.002624 0.516952 -0.00794735 -0.002624
0.529508 0.0161311 0.005194 0.516029 -0.00793049 -0.002619
0.585826 -0.00418782 0.000909 0.590515 -0.00918815 -0.002997
0.545078 0.0197478 -0.000671 0.516953 -0.00794686 -0.002624
0.50875 4.20249e-05 -0.001647 0.516953 -0.0079463 -0.002623
0.530678 0.00206877 0.005194 0.516027 -0.00793169 -0.002619
0.525981 -0.00710121 0.004214 0.516605 -0.00794101 -0.002622
0.520472 0.00205302 0.005188 0.516954 -0.0079476 -0.002624
0.531845 -0.00676926 -0.002622 0.516612 -0.0079407 -0.002622
0.508414 0.00872847 0.004217 0.516029 -0.00793154 -0.002619
0.528672 -1.65069e-05 0.001283 0.516954 -0.0079473 -0.002624
0.516602 0.0213551 -0.002622 0.516603 -0.00794104 -0.002622
0.518374 0.0137483 -0.002619 0.516029 -0.0079306 -0.002619
0.575303 -0.0161413 0.012627 0.590521 -0.00918882 -0.002997
0.548599 -0.00767291 -0.00653 0.516954 -0.00794683 -0.002624
0.552125 -0.0129275 0.012025 0.516954 -0.00794639 -0.002624
0.515441 -0.00537241 -0.003596 0.516026 -0.00793155 -0.002619
0.518122 0.00494439 -0.002623 0.51695 -0.00794633 -0.002624
0.547082 -0.0152067 0.009096 0.516605 -0.00794099 -0.002622
0.51603 -0.00383029 -0.002619 0.516029 -0.00793079 -0.002619
0.53687 0.0122883 0.001283 0.51695 -0.00794664 -0.002623
0.587587 -0.0191094 0.004815 0.590515 -0.00918847 -0.002998
0.499371 0.0184199 -0.002623 0.516949 -0.00794627 -0.002623
0.576125 0.00231204 0.008726 0.589593 -0.00917286 -0.002993
0.536285 0.0170338 -0.001647 0.516949 -0.0079461 -0.002623
0.538635 -0.00849449 0.005188 0.516954 -0.00794716 -0.002624
0.514244 -0.028511 -0.025121 0.516598 -0.0128484 -0.027074
0.551011 -0.0184703 -0.062222 0.515855 -0.0278452 -0.062223
0.525184 -0.0147947 -0.048468 0.515809 -0.0265128 -0.048467
0.507379 -0.0482851 0.013006 0.516151 -0.00793357 -0.00262
0.519662 -0.00383222 -0.00262 0.516146 -0.00793366 -0.00262
0.538413 0.000895112 0.005193 0.516144 -0.00793381 -0.002619
0.508814 0.00963029 -0.002624 0.517018 -0.00794801 -0.002625
0.540299 -0.00275862 0.012862 0.5356 -0.0057846 0.00798
0.575473 -0.00012283 -0.001457 0.56317 -0.00944003 -0.004387
0.527469 0.00845549 0.003236 0.516922 -0.00783336 -0.002624
0.529358 -0.0251196 -0.001093 0.516468 -0.00754093 -0.001093
0.549882 -0.0113873 0.012027 0.516469 -0.00816415 -0.002621
0.515239 -0.0217695 -0.028602 0.516409 -0.0135658 -0.028601
0.516596 -0.00950251 -0.050976 0.516586 -0.0237797 -0.05
0.49692 0.00849444 -0.051523 0.51567 -0.0243182 -0.051523
0.532061 -0.0203908 -0.039804 0.515773 -0.0242611 -0.051523
0.515529 -0.0128973 -0.060314 0.516006 -0.0242026 -0.051525
0.514612 -0.0209544 -0.038829 0.515909 -0.0240237 -0.051524
0.520545 -0.0220114 -0.057808 0.515764 -0.0237268 -0.049995
0.53711 -0.0267295 -0.035903 0.516752 -0.0244674 -0.051528
0.536676 -0.0242969 -0.051526 0.516169 -0.0242974 -0.051526
0.511425 -0.0364047 -0.049569 0.515549 -0.0242575 -0.051522
0.527032 0.00548052 -0.043712 0.515981 -0.0238576 -0.051525
0.539058 -0.0248068 -0.040229 0.515717 -0.0238325 -0.049995
0.519484 -0.00765522 -0.060313 0.515859 -0.0242349 -0.051524
0.524478 0.0135059 -0.024779 0.516405 -0.0230579 -0.042357
0.497071 0.00201292 -0.002624 0.516993 -0.00794764 -0.002624
0.519451 -0.00774361 0.007144 0.516517 -0.0079388 -0.002621
0.532811 0.00381745 -0.0036 0.51699 -0.00811706 -0.002624
0.550675 -0.0102383 0.005193 0.516103 -0.00793248 -0.00262
0.53398 0.00312696 0.000305 0.516988 -0.00794701 -0.002624
0.531309 -0.0140773 -0.000919 0.516083 -0.00884361 -0.008732
0.601208 -0.0252285 -0.064555 0.590634 -0.0291724 -0.062602
0.520188 -0.02863 -0.055934 0.515017 -0.0280859 -0.063746
0.535025 -0.0279614 -0.062225 0.516274 -0.0279601 -0.062225
0.51602 -0.0125857 -0.055937 0.515537 -0.0284495 -0.063749
0.528426 -0.00737853 -0.063752 0.516121 -0.028472 -0.063752
0.595663 -0.0278551 -0.070064 0.588758 -0.0361021 -0.077877
0.529895 -0.0142086 -0.077855 0.516386 -0.0322152 -0.075902
0.533794 -0.0229262 -0.072493 0.515076 -0.0318728 -0.074445
0.532517 -0.0145236 -0.073046 0.515572 -0.0326312 -0.075977
0.517455 -0.00965933 -0.075001 0.515714 -0.0322964 -0.075977
0.526352 -0.0200029 -0.067614 0.515911 -0.0319796 -0.07445
0.532576 -0.00487525 -0.063749 0.515584 -0.0288984 -0.063749
0.525831 0.0117985 -0.062772 0.515297 -0.028417 -0.063748
0.516284 -0.00242227 -0.016461 0.51694 -0.0210956 -0.030134
0.532365 0.018475 0.005193 0.515956 -0.00793076 -0.002619
0.542038 -0.0179053 -0.002623 0.516843 -0.00794395 -0.002623
0.524017 -0.00793733 -0.002621 0.516401 -0.00793768 -0.002621
0.534416 0.00842884 0.005614 0.516836 -0.00817369 -0.004151
0.531581 -0.00112171 -0.034333 0.516288 -0.0124287 -0.025544
0.684593 -0.0560022 -0.055939 0.515946 -0.0285063 -0.063752
0.515677 -0.0359659 -0.066809 0.516262 -0.0289338 -0.066809
0.473692 -0.00438741 -0.075975 0.515293 -0.0325126 -0.075975
0.512565 -0.0226307 -0.067188 0.515633 -0.0324208 -0.075977
0.488342 0.0136371 -0.075975 0.515295 -0.0320667 -0.075975
0.515834 -0.0172033 -0.082261 0.515699 -0.0318064 -0.074449
0.529031 -0.0175984 -0.063279 0.515163 -0.0323901 -0.075974
0.528747 -0.00373715 -0.046218 0.515931 -0.0286034 -0.053054
0.547781 -0.00325123 0.012628 0.590538 -0.00918777 -0.002997
0.538457 -0.00500425 -0.00262 0.516192 -0.00793379 -0.00262
0.54131 0.00584654 0.001284 0.516701 -0.00794285 -0.002622
0.547766 -0.0414256 -0.071394 0.516125 -0.0302917 -0.071394
0.509359 -0.00161753 -0.066805 0.51522 -0.0309151 -0.066805
0.537834 0.00640518 -0.060695 0.516154 -0.026994 -0.060696
0.480802 -0.0130617 -0.010899 0.516603 -0.0192134 -0.025546
0.508909 0.0102346 -0.002618 0.515941 -0.00793012 -0.002619
0.533017 0.0223425 0.006164 0.517194 -0.00795095 -0.002625
0.538528 -0.00432231 0.002262 0.516262 -0.00793514 -0.00262
0.531842 0.0144712 -0.000672 0.517194 -0.00795079 -0.002625
0.511573 -0.00117701 0.001286 0.516262 -0.00793584 -0.00262
0.527981 0.00835371 0.00324 0.516262 -0.00793543 -0.002621
0.533253 -0.00234957 0.001286 0.516261 -0.00793408 -0.00262
0.527394 0.0304627 0.001286 0.516261 -0.00793595 -0.00262
0.516872 0.00291345 0.001282 0.516873 -0.00794509 -0.002623
0.537941 0.022104 -0.000667 0.516261 -0.00793553 -0.002621
0.536783 -0.0125476 -0.00496 0.517459 -0.0104588 -0.011796
0.512414 -0.00702554 -0.048467 0.51593 -0.0228454 -0.048467
0.604215 -0.0138851 -0.055637 0.590203 -0.0300195 -0.059544
0.527978 0.0178039 5.8e-05 0.515681 -0.0113166 -0.00873
0.538389 0.00760383 0.001284 0.51671 -0.00794349 -0.002623
0.602053 -0.00535626 0.00091 0.590335 -0.00918418 -0.002996
0.502061 0.0126624 0.00226 0.516709 -0.00794275 -0.002622
0.513778 0.0105341 0.001284 0.516709 -0.00794286 -0.002623
0.542701 0.0114089 -0.002618 0.515747 -0.00792639 -0.002617
0.529016 -0.0105921 0.009522 0.516704 -0.00817104 -0.004151
0.538023 0.0194263 0.000857 0.516928 -0.00709652 -0.001096
0.543288 0.00762045 0.001289 0.515749 -0.00792685 -0.002617
0.53467 0.0170213 -0.001651 0.517679 -0.00795885 -0.002628
0.519264 0.0167223 0.005195 0.515745 -0.00792623 -0.002617
0.571586 -0.012076 0.004816 0.590334 -0.00918601 -0.002996
0.527847 0.0120187 0.00519 0.516712 -0.0079423 -0.002623
0.52843 -0.00442711 -0.002622 0.516712 -0.00794318 -0.002623
0.526088 0.0267248 0.00226 0.516713 -0.00794256 -0.002622
0.513785 -0.0116337 0.006166 0.516712 -0.00794264 -0.002623
0.52981 0.0101637 0.005195 0.515745 -0.00803988 -0.002617
0.535664 -0.00325873 -0.002623 0.516914 -0.00794611 -0.002624
0.530188 0.0223501 0.006166 0.516709 -0.00794197 -0.002622
0.520027 -0.0131738 0.005191 0.516508 -0.00794056 -0.002622
0.49796 -0.00145839 0.00519 0.516708 -0.00794192 -0.002622
0.544457 -0.00308307 -0.000664 0.515746 -0.00792674 -0.002618
0.538387 0.0109636 -0.00067 0.516707 -0.00794311 -0.002622
0.549524 0.00186259 -0.004575 0.51671 -0.00794253 -0.002623
0.506956 0.03637 -0.001647 0.516917 -0.00794625 -0.002624
0.524538 0.00558881 0.005195 0.515747 -0.00792636 -0.002617
0.517301 -0.00263038 0.00519 0.516712 -0.00794299 -0.002623
0.524911 0.00776471 -0.002623 0.516708 -0.00805554 -0.002622
0.542508 -0.00989129 0.011049 0.516713 -0.00805597 -0.002623
0.509095 -0.00677164 -0.002622 0.516713 -0.00794271 -0.002622
0.530982 0.0389486 -0.002618 0.515748 -0.0079265 -0.002618
0.529012 0.00877569 0.001284 0.516708 -0.00794268 -0.002623
0.535084 -0.00614861 0.005189 0.516919 -0.00794607 -0.002623
0.534291 -0.00763089 0.001284 0.516712 -0.00794359 -0.002623
0.506745 0.00494794 -0.002623 0.516706 -0.00794271 -0.002622
0.529812 0.0140658 0.001289 0.51575 -0.00792667 -0.002618
0.597743 0.0113451 0.004811 0.591296 -0.00920117 -0.003001
0.515747 0.00893233 0.003667 0.515747 -0.00809831 -0.004146
0.517316 0.0059922 0.008671 0.516723 -0.00709307 -0.001094
0.539562 0.014963 0.000215 0.534876 -0.00841683 -0.002715
0.545092 0.0193167 0.001309 0.511693 -0.00794791 -0.002597
0.54987 -0.0165338 -0.00274 0.539909 -0.0083311 -0.00274
0.545224 -0.0123623 0.002192 0.538798 -0.0136124 -0.013433
0.524038 0.0105758 -0.000787 0.53986 -0.008331 -0.00274
0.52495 0.0308166 -0.002596 0.511473 -0.00785511 -0.002596
